    311.2323000000000        1.057579000000000        .4668175716362912E-02    .1236348520134798E-01    .1592250733918041E-01    .1758290285296170E-01    .2108544330105666E-01    .2427629087518180E-01    .2854285340629614E-01    .3255706143181036E-01    .3659424264082766E-01    .4091088507387232E-01    .4509465398587847E-01    .5050344754405868E-01    .5572790937864652E-01    .6224558148512906E-01    .6600560087239313E-01    .7258653440733411E-01    .7647208740344702E-01    .8369349561373750E-01    .8414749744497738E-01    .7962320304393121E-01    .9405431670406991E-01
    310.2323000000000        1.057579000000000        .9467376721707077E-02    .1343679575686756E-01    .1737287594046765E-01    .1919290824451594E-01    .2298219047343499E-01    .2643101219460621E-01    .3101077038534261E-01    .3526933002500487E-01    .3950932000741227E-01    .4397365377770903E-01    .4820920541049519E-01    .5353550236510224E-01    .5854059337781796E-01    .6449996360456241E-01    .6750916667875814E-01    .7281024004898716E-01    .7517174531600715E-01    .7988943357101537E-01    .7856496148445921E-01    .7098885777260380E-01    .8109147356483030E-01
    309.2323000000000        1.057579000000000        .1440699395649253E-01    .1460416945744924E-01    .1893982433104663E-01    .2092869852302364E-01    .2501515836616488E-01    .2872599435034306E-01    .3361387984958406E-01    .3809432033890293E-01    .4249740581813249E-01    .4704574358474976E-01    .5124529427723623E-01    .5635733429578524E-01    .6098919064710169E-01    .6619566551772667E-01    .6831615402348777E-01    .7221356051102995E-01    .7307309701559368E-01    .7554378344634226E-01    .7282037955816763E-01    .6331218638043153E-01    .7045815970770088E-01
    308.2323000000000        1.057579000000000        .1949234158518845E-01    .1587399722940709E-01    .2062930995483668E-01    .2279519798582054E-01    .2718621046916981E-01    .3115845013912589E-01    .3634121728054340E-01    .4101033906588643E-01    .4552365077323114E-01    .5007731327089697E-01    .5413926700825187E-01    .5889659815892045E-01    .6300343341019339E-01    .6729121466291116E-01    .6843346948118066E-01    .7089309213756667E-01    .7036243889804565E-01    .7092632242715381E-01    .6717365988239239E-01    .5657878303602490E-01    .6169603472844110E-01
    307.2323000000000        1.057579000000000        .2472559957291523E-01    .1725537741082486E-01    .2244675064823764E-01    .2479629890326529E-01    .2949522251937717E-01    .3372246549418093E-01    .3917722899786279E-01    .4399002615234111E-01    .4854724986729850E-01    .5301397505871652E-01    .5682692997326170E-01    .6108891621695591E-01    .6453278764068479E-01    .6777902359244568E-01    .6790814331933076E-01    .6897797059754356E-01    .6723040550177782E-01    .6625387477663987E-01    .6179664262828604E-01    .5071823717524995E-01    .5443247364394343E-01
    306.2323000000000        1.057579000000000        .3010618922737187E-01    .1875816799708031E-01    .2439679855279186E-01    .2693455102354378E-01    .3193967635783045E-01    .3640856118298103E-01    .4210148691723690E-01    .4700056814572295E-01    .5152259387509029E-01    .5579938560454306E-01    .5924775537238658E-01    .6288310206072821E-01    .6555078332049298E-01    .6768424001498836E-01    .6681843789977394E-01    .6661106377387285E-01    .6385140801534137E-01    .6168533658476922E-01    .5678867181426525E-01    .4563657791392164E-01    .4837083366151888E-01
    305.2323000000000        1.057579000000000        .3563092396848513E-01    .2039303790226714E-01    .2648308255523580E-01    .2921082457256408E-01    .3451426325586676E-01    .3920334094599234E-01    .4508864935989129E-01    .5000436081612827E-01    .5440105015580127E-01    .5837845014645763E-01    .6134924244922201E-01    .6424529384161196E-01    .6605654150901571E-01    .6705965325027448E-01    .6526228708621339E-01    .6393286146536342E-01    .6037185668143881E-01    .5732698563036374E-01    .5219571135595918E-01    .4123519997310485E-01    .4327730711393401E-01
    304.2323000000000        1.057579000000000        .4129410066279578E-01    .2217151794449381E-01    .2870792676630619E-01    .3162396250666845E-01    .3721053114281658E-01    .4208928301260383E-01    .4810874112334378E-01    .5296016370180703E-01    .5713329676552092E-01    .6070082236763011E-01    .6309082391104900E-01    .6516130113498872E-01    .6607329703121083E-01    .6597793299972528E-01    .6334553458527171E-01    .6107006354089295E-01    .5690598104198130E-01    .5324237491855536E-01    .4802764429343682E-01    .3742065171028498E-01    .3896814955114514E-01
    303.2323000000000        1.057579000000000        .4708761614230592E-01    .2410605232040283E-01    .3107205446813816E-01    .3417044111365163E-01    .4001661312503595E-01    .4504472927244924E-01    .5112780160747946E-01    .5582472327844487E-01    .5967202157035290E-01    .6272426988952083E-01    .6444672150110937E-01    .6563680164944151E-01    .6564435444920656E-01    .6452285660760855E-01    .6117190994357874E-01    .5812919880774607E-01    .5353693304749971E-01    .4946303144149169E-01    .4427182379903178E-01    .3410892309041307E-01    .3529873905407610E-01
    302.2323000000000        1.057579000000000        .5300114982355492E-01    .2621005124184971E-01    .3357429014161912E-01    .3684406235939482E-01    .4291707679639534E-01    .4804411831437224E-01    .5410891328635781E-01    .5855476694865670E-01    .6197470559211323E-01    .6441744807526525E-01    .6540732037534891E-01    .6569545576456035E-01    .6482738969482747E-01    .6278105852028681E-01    .5883579502909322E-01    .5519448407067974E-01    .5032083570246097E-01    .4599798786169406E-01    .4090278646849560E-01    .3122669592092289E-01    .3215475786227136E-01
    301.2323000000000        1.057579000000000        .5902242644820931E-01    .2849794538002684E-01    .3621127527413723E-01    .3963570461651129E-01    .4589293167611341E-01    .5105849138915807E-01    .5701357465016440E-01    .6110919764408042E-01    .6400616021345205E-01    .6576169720322454E-01    .6597890436666345E-01    .6537539670297826E-01    .6368818780202368E-01    .6083536263597771E-01    .5641797439777309E-01    .5232865874877216E-01    .4729197268168583E-01    .4284141898660003E-01    .3788878302894188E-01    .2871105672959468E-01    .2944530589117272E-01
    300.2323000000000        1.057579000000000        .6513755652123022E-01    .3098524277335933E-01    .3897721619372450E-01    .4253315971969878E-01    .4892182455567824E-01    .5405627443433445E-01    .5980332898136689E-01    .6345126609442790E-01    .6574050060229286E-01    .6675163834851622E-01    .6618189520711520E-01    .6472479192367231E-01    .6229479136158324E-01    .5876017343838479E-01    .5398396647464274E-01    .4957554188855372E-01    .4446796852188133E-01    .3997834822748238E-01    .3519593791569203E-01    .2650852460125184E-01    .2709760874968439E-01
    299.2323000000000        1.057579000000000        .7133144263972215E-01    .3368858889837290E-01    .4186368366930797E-01    .4552108283766666E-01    .5197843918534460E-01    .5700430707696084E-01    .6244151317139368E-01    .6555048033232679E-01    .6716231558750770E-01    .6739455023669640E-01    .6604798291695563E-01    .6379721357163817E-01    .6071272741755514E-01    .5661890232990516E-01    .5158425279445632E-01    .4696332073144345E-01    .4185435740237268E-01    .3738869681246011E-01    .3279075551702513E-01    .2457384993875299E-01    .2505297958099827E-01
    298.2323000000000        1.057579000000000        .7758823574191552E-01    .3662583068801735E-01    .4485948393586406E-01    .4858107679341991E-01    .5503509820051253E-01    .5986905556059324E-01    .6489496016404733E-01    .6738403764806278E-01    .6826692039854726E-01    .6770870717674547E-01    .6561666322396641E-01    .6264743115871325E-01    .5900161834292703E-01    .5446308831016625E-01    .4925569330805796E-01    .4450790672692133E-01    .3944831386654348E-01    .3505003449138226E-01    .3064152610798206E-01    .2286881187131322E-01    .2326374203232933E-01
    297.2323000000000        1.057579000000000        .8389182466024314E-01    .3981608541324339E-01    .4795061869699636E-01    .5169192396627079E-01    .5806254333437649E-01    .6261791687030706E-01    .6713548308977381E-01    .6893762968109637E-01    .6905972199135230E-01    .6772099818901885E-01    .6493169788461287E-01    .6132802172647576E-01    .5721317350965075E-01    .5233274128215395E-01    .4702353100421530E-01    .4221598173882417E-01    .3724153780652532E-01    .3293937017454726E-01    .2871902651470293E-01    .2136111664953901E-01    .2169088048030058E-01
    296.2323000000000        1.057579000000000        .9022634354961201E-01    .4327981550570574E-01    .5112034727381680E-01    .5482996714683565E-01    .6103084781652150E-01    .6522050222406459E-01    .6914099202129916E-01    .7020556254113607E-01    .6955485263017828E-01    .6746420439824195E-01    .6403791331018827E-01    .5988696138958349E-01    .5539035723727206E-01    .5025744307867677E-01    .4490355661081593E-01    .4008756656657333E-01    .3522239287618314E-01    .3103426142945833E-01    .2699678468836571E-01    .2002343365569255E-01    .2030223760191636E-01
    295.2323000000000        1.057579000000000        .9657668345197781E-01    .4703891055926938E-01    .5434935748759592E-01    .5796962680315881E-01    .6391039617969327E-01    .6764978438994153E-01    .7089614204795597E-01    .7119023022764427E-01    .6977330976772386E-01    .6697428848136273E-01    .6297860144809693E-01    .5836617453974419E-01    .5356743801565334E-01    .4825782391369299E-01    .4290416524555249E-01    .3811807671453330E-01    .3337743510720348E-01    .2931345638491443E-01    .2545108574514270E-01    .1883257319949763E-01    .1907112374317867E-01
    294.2323000000000        1.057579000000000        .1029289957540209        .5111677786693836E-01    .5761604358109579E-01    .6108402794349439E-01    .6667285518048865E-01    .6988300682815465E-01    .7239247441688794E-01    .7190106063938743E-01    .6974086822799894E-01    .6628797012903367E-01    .6179363281960865E-01    .5680089782229524E-01    .5177061800112014E-01    .4634713958687457E-01    .4102816446164696E-01    .3629990330171607E-01    .3169246867476826E-01    .2775722414370131E-01    .2406083367457673E-01    .1776879565439507E-01    .1797523704674715E-01
    293.2323000000000        1.057579000000000        .1092711765200631        .5553844289353600E-01    .6089688040043599E-01    .6414569731917114E-01    .6929205783218935E-01    .7190228150503404E-01    .7362807778551281E-01    .7235310464304529E-01    .6948600918076124E-01    .6544075678575452E-01    .6051826778270469E-01    .5521966322734102E-01    .5001898533897543E-01    .4453277577424881E-01    .3927428131853791E-01    .3462358940157050E-01    .3015324880609384E-01    .2634748416475040E-01    .2280734047131409E-01    .1681523605276283E-01    .1699581931679874E-01
    292.2323000000000        1.057579000000000        .1155933219783442        .6033066103507260E-01    .6416687435865538E-01    .6712728323409357E-01    .7174473145017234E-01    .7369484098470080E-01    .7460685148969638E-01    .7256545478459189E-01    .6903805507213771E-01    .6446549740789059E-01    .5918257202556614E-01    .5364470155871860E-01    .4832559500463562E-01    .4281758568841024E-01    .3763836998054010E-01    .3307868004859729E-01    .2874592934494480E-01    .2506781079825274E-01    .2167408658304804E-01    .1595742729135500E-01    .1611699185922180E-01
    291.2323000000000        1.057579000000000        .1218881472706489        .6552204187479227E-01    .6740006462909252E-01    .7000224728105080E-01    .7401101873584877E-01    .7525295163683977E-01    .7533748822021294E-01    .7255966504763287E-01    .6842562977647280E-01    .6339144654598633E-01    .5781130435257939E-01    .5209259387233064E-01    .4669854675528511E-01    .4120102337105098E-01    .3611434973031174E-01    .3165431912414471E-01    .2745733039094863E-01    .2390336431072033E-01    .2064647855390242E-01    .1518290613148599E-01    .1532522965947462E-01
    290.2323000000000        1.057579000000000        .1281513632944935        .7114318693332779E-01    .7057004361596154E-01    .7274548049352539E-01    .7607476499765964E-01    .7657353104548910E-01    .7583230625706670E-01    .7235830635797691E-01    .6767549546244862E-01    .6224377363393173E-01    .5642413905977683E-01    .5057503708646629E-01    .4514198134269633E-01    .3968006995575980E-01    .3469491481717502E-01    .3033965566211316E-01    .2627508228351417E-01    .2284078217339779E-01    .1971161825915541E-01    .1448088797216618E-01    .1460894259047743E-01
    289.2323000000000        1.057579000000000        .1343820101913145        .7722684166106029E-01    .7365046464044991E-01    .7533380512779775E-01    .7792357030534250E-01    .7765753836029327E-01    .7610605351686565E-01    .7198374608015412E-01    .6681176289125824E-01    .6104342651968576E-01    .5503609948317605E-01    .4909962935712724E-01    .4365695520321488E-01    .3824996957431294E-01    .3337205910184270E-01    .2912411002693941E-01    .2518768674217836E-01    .2186805222175980E-01    .1885809093032996E-01    .1384199833782256E-01    .1395813991843211E-01
    288.2323000000000        1.057579000000000        .1405827506278094        .8380806217319640E-01    .7661550702390076E-01    .7774633601021867E-01    .7954862842475280E-01    .7850921876501236E-01    .7617478296646335E-01    .7145719392871987E-01    .6585543464329793E-01    .5980725302540967E-01    .5365810309813782E-01    .4767061482029314E-01    .4224218022020142E-01    .3690480027291395E-01    .3213745480864567E-01    .2799753908646974E-01    .2418452406981590E-01    .2097438102725854E-01    .1807577476952022E-01    .1325805089628952E-01    .1336415996950384E-01
    287.2323000000000        1.057579000000000        .1467601311817105        .9092439701985433E-01    .7944027385890130E-01    .7996468992875584E-01    .8094439154729284E-01    .7913528289639456E-01    .7605486874826733E-01    .7079801857484613E-01    .6482422072207639E-01    .5854829243204038E-01    .5229754439098905E-01    .4628955366791511E-01    .4089463134650359E-01    .3563790746950121E-01    .3098271889356947E-01    .2695032985228111E-01    .2325582646627324E-01    .2015006531870994E-01    .1735567236410466E-01    .1272186350793469E-01    .1281945099379919E-01
    286.2323000000000        1.057579000000000        .1529248255294427        .9861608414104514E-01    .8210110483145919E-01    .8197304565483042E-01    .8210810947420179E-01    .7954409170963246E-01    .7576220135560811E-01    .7002331207906107E-01    .6373255983352966E-01    .5727616378672639E-01    .5095886524489386E-01    .4495590231491622E-01    .3961003369681459E-01    .3444222606054959E-01    .2989959432836098E-01    .2597344331136972E-01    .2239263108641255E-01    .1938637071313072E-01    .1668976268835616E-01    .1222710527730645E-01    .1231739241179998E-01
    285.2323000000000        1.057579000000000        .1590918784777696        .1069262630947355        .8457579439166586E-01    .8375806897765636E-01    .8303929406855282E-01    .7974490089401452E-01    .7531157323350132E-01    .6914766336163308E-01    .6259178306560843E-01    .5599749505346258E-01    .4964408180268862E-01    .4366750080715696E-01    .3838324463521246E-01    .3331051419083180E-01    .2888006787428757E-01    .2505842419623830E-01    .2158672193885646E-01    .1867541975815563E-01    .1607087178659632E-01    .1176816883904120E-01    .1185214803010672E-01
    284.2323000000000        1.057579000000000        .1652809750999171        .1159012026652378        .8684371329338286E-01    .8530872544124603E-01    .8373915576692355E-01    .7974720044475893E-01    .7471624585156288E-01    .6818309551419709E-01    .6141036559814283E-01    .5471635336394608E-01    .4835325126797439E-01    .4242097211888184E-01    .3720854727922342E-01    .3223551807631237E-01    .2791644103657177E-01    .2419738796172445E-01    .2083056657517612E-01    .1801008991760324E-01    .1549255998869302E-01    .1134006317613053E-01    .1141854466231197E-01
    283.2323000000000        1.057579000000000        .1715167573876489        .1255905441756746        .8888583622490917E-01    .8661600636368168E-01    .8421004818141987E-01    .7956016617141780E-01    .7398767643187185E-01    .6713912212925356E-01    .6019422338185566E-01    .5343465081509580E-01    .4708487291158680E-01    .4121204244058408E-01    .3607987179378701E-01    .3121008454034329E-01    .2700136767611646E-01    .2338299370368468E-01    .2011725204892906E-01    .1738392195916221E-01    .1494902407094452E-01    .1093832357244641E-01    .1101197143219047E-01
    282.2323000000000        1.057579000000000        .1778292676606256        .1360475600858146        .9068469666445045E-01    .8767260507723786E-01    .8445496570150700E-01    .7919223561940478E-01    .7313537411995681E-01    .6602288393348582E-01    .5894702194329893E-01    .5215250851202514E-01    .4583622002379510E-01    .4003579037079404E-01    .3499095386291152E-01    .3022722901696018E-01    .2612786322352334E-01    .2260840394874485E-01    .1944041832748884E-01    .1679103433343252E-01    .1443500898134523E-01    .1055893305728427E-01    .1062829319814948E-01
    281.2323000000000        1.057579000000000        .1842544467966890        .1473294303075648        .9222425407966693E-01    .8847254758527695E-01    .8447706874283556E-01    .7865077871226762E-01    .7216686021908239E-01    .6483932948322144E-01    .5767047683491530E-01    .5086857693579012E-01    .4460361618726077E-01    .3888684134452217E-01    .3393545408461731E-01    .2928018179291779E-01    .2528930467751041E-01    .2186724738579516E-01    .1879420145764773E-01    .1622605277522990E-01    .1394573624102023E-01    .1019825957935478E-01    .1026378157583955E-01
    280.2323000000000        1.057579000000000        .1908348970639086        .1594975343804962        .9348972404934471E-01    .8901082783734694E-01    .8427930726035086E-01    .7794188233071767E-01    .7108769653822507E-01    .6359141980729047E-01    .5636463030453676E-01    .4958030446797709E-01    .4338265035327617E-01    .3775951027852047E-01    .3290703240093043E-01    .2836240271425098E-01    .2447941012601292E-01    .2115357028208570E-01    .1817317209985592E-01    .1568404033587976E-01    .1347683507876681E-01    .9852997539553423E-02    .9915051827203661E-02
    279.2323000000000        1.057579000000000        .1976208491666960        .1726177623732963        .9446735920249190E-01    .8928304439718793E-01    .8386409479798211E-01    .7707020635392357E-01    .6990156409322625E-01    .6228033386637637E-01    .5502809710692977E-01    .4828416047981351E-01    .4216834704857115E-01    .3664790619791573E-01    .3189939816682701E-01    .2746758415348590E-01    .2369221472912279E-01    .2046179181105555E-01    .1757228180772000E-01    .1516043809507476E-01    .1302428482007254E-01    .9520119535279020E-02    .9579010988060851E-02
    278.2323000000000        1.057579000000000        .2046714689191198        .1867608448070459        .9514420476462820E-01    .8928505875136569E-01    .8323305062438481E-01    .7603890508445019E-01    .6861036903342894E-01    .6090566451999122E-01    .5365827625553218E-01    .4697581519204969E-01    .4095529536860355E-01    .3554600491676580E-01    .3090633742418591E-01    .2658964108324718E-01    .2292204057217168E-01    .1978665882937729E-01    .1698681208214064E-01    .1465101108157278E-01    .1258436322077807E-01    .9196833855130425E-02    .9252812566962048E-02
    277.2323000000000        1.057579000000000        .2120566043999531        .2020027030037023        .9550783851314133E-01    .8901268157413152E-01    .8238679914973089E-01    .7484959581080015E-01    .6721436106205632E-01    .5946559682183923E-01    .5225152853020094E-01    .4565028142708513E-01    .3973774419618353E-01    .3444769658684374E-01    .2992172360092851E-01    .2572269279726734E-01    .2216346345689085E-01    .1912320191845230E-01    .1641232707616725E-01    .1415179955653286E-01    .1215360055506992E-01    .8880547259204405E-02    .8933817143206381E-02
    276.2323000000000        1.057579000000000        .2198591243321532        .2184248212778861        .9554610453366008E-01    .8846139068889956E-01    .8132481790630104E-01    .7350236022671391E-01    .6571225316452377E-01    .5795706446823422E-01    .5080332150067599E-01    .4430202339537164E-01    .3850966973452773E-01    .3334681354202838E-01    .2893951582304332E-01    .2486103891819949E-01    .2141127812579054E-01    .1846669317376924E-01    .1584462980576779E-01    .1365907503115095E-01    .1172873865361830E-01    .8568832198833247E-02    .8619557872297651E-02
    275.2323000000000        1.057579000000000        .2281780590286664        .2361146425261671        .9524684794540288E-01    .8762608141971957E-01    .8004532486267436E-01    .7199576680205144E-01    .6410133495288906E-01    .5637588277203266E-01    .4930834488927177E-01    .4292503749557253E-01    .3726482061899768E-01    .3223714284899024E-01    .2795374809455126E-01    .2399913165052834E-01    .2066046296586608E-01    .1781260600449637E-01    .1527972165704617E-01    .1316930045324807E-01    .1130669420544367E-01    .8259397780503519E-02    .8307710094615138E-02
    274.2323000000000        1.057579000000000        .2371328468457019        .2551659888897463        .9459765566157320E-01    .8650084782209644E-01    .7854519615993884E-01    .7032690461699442E-01    .6237757470790658E-01    .5471685824485396E-01    .4776059957163013E-01    .4151290969495706E-01    .3599674504758883E-01    .3111242709552247E-01    .2695851184515929E-01    .2313154570949743E-01    .1990614490145927E-01    .1715657704895593E-01    .1471376494285749E-01    .1267909405503719E-01    .1088452573432915E-01    .7950063897637428E-02    .7996064388926274E-02
    273.2323000000000        1.057579000000000        .2468691296218814        .2756795092782018        .9358560639269255E-01    .8507879182885998E-01    .7681990618034505E-01    .6849142139853748E-01    .6053570729535533E-01    .5297387593566158E-01    .4615346359972312E-01    .4005885352272968E-01    .3469880360131115E-01    .2996635620546142E-01    .2594793374065690E-01    .2225294695112065E-01    .1914356493551160E-01    .1649437020168167E-01    .1414304824245786E-01    .1218519640596324E-01    .1045940374096524E-01    .7638738048189360E-02    .7682502526551780E-02
    272.2323000000000        1.057579000000000        .2575667602063473        .2977631556471673        .9219703154472708E-01    .8335185650810741E-01    .7486348293044108E-01    .6648356041817224E-01    .5856930664330242E-01    .5113996626617438E-01    .4447973847562987E-01    .3855573213917354E-01    .3336417073953218E-01    .2879255245421074E-01    .2491615017210478E-01    .2135806041831860E-01    .1836804461323472E-01    .1582184267220590E-01    .1356395425107946E-01    .1168444026069165E-01    .1002858356889131E-01    .7323394431386756E-02    .7364975872188481E-02
    271.2323000000000        1.057579000000000        .2694510359656386        .3215326900255867        .9041728742211488E-01    .8131067926121653E-01    .7266847286242510E-01    .6429619248294498E-01    .5647084250155503E-01    .4920735336535390E-01    .4273167861414150E-01    .3699606738947605E-01    .3198582736208189E-01    .2758455035734506E-01    .2385727946408436E-01    .2044163828334473E-01    .1757495354684730E-01    .1513491294550493E-01    .1297292986822167E-01    .1117372283363658E-01    .9589380608435458E-02    .7002054977827700E-02    .7041485849367643E-02
    270.2323000000000        1.057579000000000        .2828087467406744        .3471122243940548        .8823053819951257E-01    .7894446075376084E-01    .7022591035324297E-01    .6192084048795288E-01    .5423172187086704E-01    .4716748694712827E-01    .4090100657943543E-01    .3537203824174086E-01    .3055654632869896E-01    .2633577270095589E-01    .2276539255019300E-01    .1949842799043118E-01    .1675967804256655E-01    .1442953048247127E-01    .1236645826124877E-01    .1064998016850593E-01    .9139147500438509E-02    .6672772016869812E-02    .6710066146594430E-02
    269.2323000000000        1.057579000000000        .2980115943610950        .3746347956260787        .8561954843882177E-01    .7624084555599341E-01    .6752528804475279E-01    .5934769493287917E-01    .5184231588238054E-01    .4501105968046866E-01    .3897891631307132E-01    .3367547055781682E-01    .2906887241071484E-01    .2503950366105499E-01    .2163448263916575E-01    .1852314077197681E-01    .1591759080242552E-01    .1370164698098303E-01    .1174103265269535E-01    .1011016330482328E-01    .8675253042336288E-02    .6333612326355476E-02    .6368766387639549E-02
    268.2323000000000        1.057579000000000        .3155512281998200        .4042429778353194        .8256548345466720E-01    .7318581078005387E-01    .6455452508824172E-01    .5656561948438128E-01    .4929197310424890E-01    .4272801182690551E-01    .3695606621505357E-01    .3189781975622901E-01    .2751509780941607E-01    .2368885970558006E-01    .2045843422310325E-01    .1751042061571969E-01    .1504402162620881E-01    .1294718900997910E-01    .1109313159374319E-01    .9551215973447868E-02    .8195062534226876E-02    .5982642343918775E-02    .6015637028458108E-02
    267.2323000000000        1.057579000000000        .3360931929278246        .4360895346335862        .7904771552489222E-01    .6976355936918252E-01    .6129993102495462E-01    .5356214613811071E-01    .4656902031326886E-01    .4030752470764360E-01    .3482256361217521E-01    .3003014759655164E-01    .2588723409961520E-01    .2227675877363675E-01    .1923099164886078E-01    .1645481369089793E-01    .1413422900733934E-01    .1216203182754078E-01    .1041919550154751E-01    .8970053580085744E-02    .7695919332833169E-02    .5617914347798691E-02    .5648715275563467E-02
    266.2323000000000        1.057579000000000        .3605628416044428        .4703381071093311        .7504363452935495E-01    .6595641581412522E-01    .5774616428024809E-01    .5032346049055167E-01    .4366075232689623E-01    .3773800485823524E-01    .3256794231539659E-01    .2806309444204595E-01    .2417698158703673E-01    .2079588837723526E-01    .1794572764141071E-01    .1535073842092424E-01    .1318337269421658E-01    .1134197436779241E-01    .9715604400203401E-02    .8363543386397760E-02    .7175127516186037E-02    .5237453518717489E-02    .5266011927639534E-02
    265.2323000000000        1.057579000000000        .3902877379392066        .5071639720181774        .7052845733709587E-01    .6174471835971986E-01    .5387618077813525E-01    .4683437421592413E-01    .4055340912768964E-01    .3500705758214535E-01    .3018113212563380E-01    .2598684585695221E-01    .2237569490558582E-01    .1923867142475930E-01    .1659601059094203E-01    .1419245505991294E-01    .1218648615883578E-01    .1048271442133156E-01    .8978655990404615E-02    .7728485103457673E-02    .6629934968980948E-02    .4839245364790549E-02    .4865498611912020E-02
    264.2323000000000        1.057579000000000        .4272451019793205        .5467548061881249        .6547504079648056E-01    .5710671245110172E-01    .4967117842923138E-01    .4307829117971800E-01    .3723214682929414E-01    .3210145593945952E-01    .2765042559733899E-01    .2379109807079571E-01    .2047434866571975E-01    .1759723293095180E-01    .1517497324655256E-01    .1297403695576647E-01    .1113845079966493E-01    .9579825540324030E-02    .8204545334222761E-02    .7061592984507339E-02    .6057517810951254E-02    .4421224173312101E-02    .4445096077800251E-02
    263.2323000000000        1.057579000000000        .4745174827777600        .5893115375056077        .5985368794867802E-01    .5201843542384215E-01    .4511052900425650E-01    .3903716018160919E-01    .3368099658686351E-01    .2900710000181949E-01    .2496343742020847E-01    .2146501810059711E-01    .1846349934083787E-01    .1586336417018008E-01    .1367547972016006E-01    .1168934075349156E-01    .1003396946204758E-01    .8628733541058859E-02    .7389344304165745E-02    .6359477800730408E-02    .5454964769789963E-02    .3981261458610527E-02    .4002662506083859E-02
    262.2323000000000        1.057579000000000        .5371942954302840        .6350492341475751        .5363195064144302E-01    .4645359604647425E-01    .4017170195899518E-01    .3469141936062412E-01    .2988281645717355E-01    .2570897091555930E-01    .2210706038411088E-01    .1899720191013373E-01    .1633324623945412E-01    .1402848664904584E-01    .1209009279761271E-01    .1033197719993144E-01    .8867540674677451E-02    .7624693783381630E-02    .6528981792127674E-02    .5618629545240853E-02    .4819262217961375E-02    .3517154925569475E-02    .3535982353159189E-02
    261.2323000000000        1.057579000000000        .6243274275497421        .6841980539064197        .4677442447909982E-01    .4038344548912230E-01    .3483017788441151E-01    .3001993072908988E-01    .2581923510319837E-01    .2219107880881141E-01    .1906741700657873E-01    .1637562969814580E-01    .1407319067674775E-01    .1208361504229940E-01    .1041104075009692E-01    .8895281805470077E-02    .7633432930960289E-02    .6562768623334908E-02    .5619224145399567E-02    .4835400394024126E-02    .4147279462792026E-02    .3026617643544344E-02    .3042755420519118E-02
    260.2323000000000        1.057579000000000        .7537266948762897        .7370042542823860        .3924253429820849E-01    .3377663863694553E-01    .2905935143972162E-01    .2499990524745200E-01    .2147058795693726E-01    .1843640510074632E-01    .1582980725907208E-01    .1358761861820855E-01    .1167239353611373E-01    .1001931918972223E-01    .8630183683926918E-02    .7372285357467890E-02    .6325658988761945E-02    .5437804998054358E-02    .4655655783698333E-02    .4005987875424614E-02    .3435754244041407E-02    .2507267393300330E-02    .2520586109816204E-02
    259.2323000000000        1.057579000000000        .9659428357624171        .7937313083246175        .3099430204396148E-01    .2659907923454122E-01    .2283041882256910E-01    .1960681460454362E-01    .1681584272959538E-01    .1442683654416581E-01    .1237865005241785E-01    .1061977085646360E-01    .9119329379267089E-02    .7825683517468757E-02    .6738977981514061E-02    .5755683018414256E-02    .4937949083722272E-02    .4244411178672670E-02    .3633659162914125E-02    .3126417523324160E-02    .2681277813935532E-02    .1956615727716650E-02    .1966972400175026E-02
    258.2323000000000        1.057579000000000        1.000009999995370        .8006413401924177        .2997971123508620E-01    .2571974997003811E-01    .2206978388589723E-01    .1894981343259681E-01    .1624983934068371E-01    .1393986180975812E-01    .1195988118890316E-01    .1025989791411808E-01    .8809912236877746E-02    .7559924626171151E-02    .6509935044052194E-02    .5559944491961199E-02    .4769952360690124E-02    .4099959038525144E-02    .3509964925408293E-02    .3019969816317162E-02    .2589974110742924E-02    .1889981105870719E-02    .1899981004807583E-02
    257.2323000000000        1.057579000000000        1.000009999999945        .8006406849647979        .2997971059155282E-01    .2571974955618082E-01    .2206978362877988E-01    .1894981327099981E-01    .1624983924124589E-01    .1393986174580586E-01    .1195988114783022E-01    .1025989788769150E-01    .8809912219734725E-02    .7559924614908483E-02    .6509935036886729E-02    .5559944487436531E-02    .4769952357703422E-02    .4099959036632260E-02    .3509964924161128E-02    .3019969815520370E-02    .2589974110209765E-02    .1889981105585105E-02    .1899981004574898E-02
    256.2323000000000        1.057579000000000        1.000009999989110        .8006400768105121        .2997970999227202E-01    .2571974917099836E-01    .2206978338943063E-01    .1894981312064749E-01    .1624983914878952E-01    .1393986168638965E-01    .1195988110972238E-01    .1025989786321790E-01    .8809912203897262E-02    .7559924604530434E-02    .6509935030314207E-02    .5559944483309676E-02    .4769952354997845E-02    .4099959034934886E-02    .3509964923055736E-02    .3019969814826262E-02    .2589974109754429E-02    .1889981105348797E-02    .1899981004387926E-02
    255.2323000000000        1.057579000000000        1.000009999998104        .8006395122833637        .2997970943301592E-01    .2571974881152317E-01    .2206978316580977E-01    .1894981298007852E-01    .1624983906225496E-01    .1393986163070653E-01    .1195988107395746E-01    .1025989784020600E-01    .8809912188970096E-02    .7559924594715172E-02    .6509935024069407E-02    .5559944479361993E-02    .4769952352390081E-02    .4099959033278783E-02    .3509964921961918E-02    .3019969814124232E-02    .2589974109282777E-02    .1889981105093672E-02    .1899981004178471E-02
    254.2323000000000        1.057579000000000        1.000009999998641        .8006389881922116        .2997970891164838E-01    .2571974847654496E-01    .2206978295735374E-01    .1894981284908203E-01    .1624983898164351E-01    .1393986157885727E-01    .1195988104068479E-01    .1025989781882387E-01    .8809912175122652E-02    .7559924585624345E-02    .6509935018302808E-02    .5559944475729409E-02    .4769952350000771E-02    .4099959031770779E-02    .3509964920972869E-02    .3019969813495797E-02    .2589974108865394E-02    .1889981104871777E-02    .1899981003999122E-02
    253.2323000000000        1.057579000000000        1.000009999993844        .8006385015842599        .2997970842535120E-01    .2571974816421561E-01    .2206978276291065E-01    .1894981272691829E-01    .1624983890648694E-01    .1393986153053115E-01    .1195988100969513E-01    .1025989779892848E-01    .8809912162254963E-02    .7559924577186996E-02    .6509935012963554E-02    .5559944472375219E-02    .4769952347802084E-02    .4099959030389790E-02    .3509964920072116E-02    .3019969812927987E-02    .2589974108491773E-02    .1889981104675927E-02    .1899981003842899E-02
    252.2323000000000        1.057579000000000        1.000009999998809        .8006380497228552        .2997970797116660E-01    .2571974787252279E-01    .2206978258115245E-01    .1894981261267641E-01    .1624983883615680E-01    .1393986148527263E-01    .1195988098065033E-01    .1025989778026324E-01    .8809912150167682E-02    .7559924569245651E-02    .6509935007925444E-02    .5559944469197808E-02    .4769952345710197E-02    .4099959029066366E-02    .3509964919201647E-02    .3019969812371993E-02    .2589974108120614E-02    .1889981104476427E-02    .1899981003680172E-02
    251.2323000000000        1.057579000000000        1.000009999998715        .8006376300785345        .2997970754720224E-01    .2571974760033401E-01    .2206978241147846E-01    .1894981250605464E-01    .1624983877053671E-01    .1393986144305977E-01    .1195988095358076E-01    .1025989776288547E-01    .8809912138929614E-02    .7559924561872012E-02    .6509935003259006E-02    .5559944466263157E-02    .4769952343784848E-02    .4099959027854273E-02    .3509964918408833E-02    .3019969811869595E-02    .2589974107788272E-02    .1889981104300215E-02    .1899981003538226E-02
    250.2323000000000        1.057579000000000        1.000009999993642        .8006372403077096        .2997970715131087E-01    .2571974734625897E-01    .2206978225303605E-01    .1894981240651747E-01    .1624983870929816E-01    .1393986140368215E-01    .1195988092835098E-01    .1025989774670764E-01    .8809912128483576E-02    .7559924555028573E-02    .6509934998940000E-02    .5559944463555821E-02    .4769952342015651E-02    .4099959026746798E-02    .3509964917689158E-02    .3019969811417841E-02    .2589974107492693E-02    .1889981104146162E-02    .1899981003416113E-02
    249.2323000000000        1.057579000000000        1.000009999999369        .8006368782352169        .2997970678104744E-01    .2571974710861653E-01    .2206978210469561E-01    .1894981231327579E-01    .1624983865188451E-01    .1393986136672793E-01    .1195988090464911E-01    .1025989773148852E-01    .8809912118638916E-02    .7559924548562358E-02    .6509934994844069E-02    .5559944460974399E-02    .4769952340318232E-02    .4099959025673441E-02    .3509964916983385E-02    .3019969810966615E-02    .2589974107191332E-02    .1889981103983562E-02    .1899981003283135E-02
    248.2323000000000        1.057579000000000        1.000009999994204        .8006365418570640        .2997970643521534E-01    .2571974688677084E-01    .2206978196620387E-01    .1894981222628150E-01    .1624983859836690E-01    .1393986133231962E-01    .1195988088261914E-01    .1025989771737634E-01    .8809912109538371E-02    .7559924542605794E-02    .6509934991092176E-02    .5559944458626708E-02    .4769952338787553E-02    .4099959024717714E-02    .3509964916364062E-02    .3019969810579130E-02    .2589974106938814E-02    .1889981103852590E-02    .1899981003179838E-02
    247.2323000000000        1.057579000000000        1.000009999996699        .8006362293053437        .2997970611157786E-01    .2571974667915968E-01    .2206978183648640E-01    .1894981214476635E-01    .1624983854818890E-01    .1393986130003570E-01    .1195988086193473E-01    .1025989770411355E-01    .8809912100974827E-02    .7559924536990147E-02    .6509934987545297E-02    .5559944456398089E-02    .4769952337327469E-02    .4099959023798689E-02    .3509964915762850E-02    .3019969810197307E-02    .2589974106685692E-02    .1889981103717446E-02    .1899981003070376E-02
    246.2323000000000        1.057579000000000        1.000009999995217        .8006359388593893        .2997970580891068E-01    .2571974648506709E-01    .2206978171517740E-01    .1894981206856069E-01    .1624983850130071E-01    .1393986126988578E-01    .1195988084263722E-01    .1025989769175662E-01    .8809912093009940E-02    .7559924531776759E-02    .6509934984262133E-02    .5559944454342489E-02    .4769952335986345E-02    .4099959022959534E-02    .3509964915217593E-02    .3019969809854373E-02    .2589974106460807E-02    .1889981103599439E-02    .1899981002976304E-02
    245.2323000000000        1.057579000000000        1.000009999970220        .8006356689303256        .2997970552634114E-01    .2571974630405500E-01    .2206978160213117E-01    .1894981199767332E-01    .1624983845779858E-01    .1393986124200090E-01    .1195988082486974E-01    .1025989768044783E-01    .8809912085778080E-02    .7559924527088735E-02    .6509934981354141E-02    .5559944452558627E-02    .4769952334850804E-02    .4099959022276177E-02    .3509964914794110E-02    .3019969809607575E-02    .2589974106313573E-02    .1889981103534871E-02    .1899981002934237E-02
    244.2323000000000        1.057579000000000        1.000009999996652        .8006354180054225        .2997970526032350E-01    .2571974613335950E-01    .2206978149518185E-01    .1894981193036413E-01    .1624983841626940E-01    .1393986121521192E-01    .1195988080765643E-01    .1025989766936725E-01    .8809912078585953E-02    .7559924522338034E-02    .6509934978319734E-02    .5559944450621209E-02    .4769952333557667E-02    .4099959021437741E-02    .3509964914226973E-02    .3019969809229073E-02    .2589974106048866E-02    .1889981103381564E-02    .1899981002801352E-02
    243.2323000000000        1.057579000000000        1.000009999995271        .8006351847477083        .2997970501195058E-01    .2571974597419202E-01    .2206978139557030E-01    .1894981186781638E-01    .1624983837780582E-01    .1393986119049883E-01    .1195988079186518E-01    .1025989765927663E-01    .8809912072098441E-02    .7559924518102082E-02    .6509934975660960E-02    .5559944448962126E-02    .4769952332479160E-02    .4099959020765466E-02    .3509964913791913E-02    .3019969808956649E-02    .2589974105870887E-02    .1889981103288739E-02    .1899981002727768E-02
    242.2323000000000        1.057579000000000        1.000009999995187        .8006349678737196        .2997970477921826E-01    .2571974582507615E-01    .2206978130220812E-01    .1894981180919976E-01    .1624983834176471E-01    .1393986116734743E-01    .1195988077707860E-01    .1025989764983294E-01    .8809912066030403E-02    .7559924514142173E-02    .6509934973176448E-02    .5559944447412085E-02    .4769952331471514E-02    .4099959020136897E-02    .3509964913384714E-02    .3019969808701095E-02    .2589974105703368E-02    .1889981103200924E-02    .1899981002657809E-02
    241.2323000000000        1.057579000000000        1.000009999999990        .8006347662038839        .2997970456095738E-01    .2571974568523705E-01    .2206978121459762E-01    .1894981175418471E-01    .1624983830792801E-01    .1393986114560594E-01    .1195988076318878E-01    .1025989764095778E-01    .8809912060323350E-02    .7559924510413759E-02    .6509934970831752E-02    .5559944445944192E-02    .4769952330513035E-02    .4099959019534426E-02    .3509964912990882E-02    .3019969808450373E-02    .2589974105536206E-02    .1889981103110912E-02    .1899981002584315E-02
    240.2323000000000        1.057579000000000        1.000009999999169        .8006345786522286        .2997970435649370E-01    .2571974555430928E-01    .2206978113258080E-01    .1894981170272668E-01    .1624983827631768E-01    .1393986112532607E-01    .1195988075026095E-01    .1025989763272030E-01    .8809912055044921E-02    .7559924506980129E-02    .6509934968685022E-02    .5559944444610458E-02    .4769952329649625E-02    .4099959018998481E-02    .3509964912645562E-02    .3019969808235121E-02    .2589974105395880E-02    .1889981103038183E-02    .1899981002526949E-02
    239.2323000000000        1.057579000000000        1.000009999981707        .8006344042136408        .2997970416524216E-01    .2571974543198849E-01    .2206978105604010E-01    .1894981165480924E-01    .1624983824697541E-01    .1393986110657393E-01    .1195988073837112E-01    .1025989762519790E-01    .8809912050269205E-02    .7559924503909693E-02    .6509934966798551E-02    .5559944443466252E-02    .4769952328929966E-02    .4099959018571797E-02    .3509964912385832E-02    .3019969808087607E-02    .2589974105310248E-02    .1889981103003207E-02    .1899981002506360E-02
    238.2323000000000        1.057579000000000        1.000009999963180        .8006342419422495        .2997970398589707E-01    .2571974531733607E-01    .2206978098430219E-01    .1894981160993167E-01    .1624983821952285E-01    .1393986108905286E-01    .1195988072728239E-01    .1025989761819853E-01    .8809912045838249E-02    .7559924501071339E-02    .6509934965062488E-02    .5559944442419715E-02    .4769952328276317E-02    .4099959018188352E-02    .3509964912155611E-02    .3019969807959908E-02    .2589974105238378E-02    .1889981102976242E-02    .1899981002492714E-02
    237.2323000000000        1.057579000000000        1.000009999991538        .8006340909404015        .2997970381625438E-01    .2571974520862781E-01    .2206978091600855E-01    .1894981156699839E-01    .1624983819306717E-01    .1393986107202241E-01    .1195988071637562E-01    .1025989761120121E-01    .8809912041311017E-02    .7559924498090639E-02    .6509934963157152E-02    .5559944441199583E-02    .4769952327456910E-02    .4099959017649650E-02    .3509964911785365E-02    .3019969807706446E-02    .2589974105055562E-02    .1889981102866400E-02    .1899981002394698E-02
    236.2323000000000        1.057579000000000        1.000009999988694        .8006339504473236        .2997970365790004E-01    .2571974510738773E-01    .2206978085258446E-01    .1894981152730302E-01    .1624983816876374E-01    .1393986105649882E-01    .1195988070653871E-01    .1025989760497776E-01    .8809912037356609E-02    .7559924495545751E-02    .6509934961583219E-02    .5559944440235257E-02    .4769952326841109E-02    .4099959017273903E-02    .3509964911547914E-02    .3019969807562253E-02    .2589974104963517E-02    .1889981102820992E-02    .1899981002360460E-02
    235.2323000000000        1.057579000000000        1.000009999983177        .8006338196992389        .2997970350931512E-01    .2571974501245757E-01    .2206978079314059E-01    .1894981149014345E-01    .1624983814605095E-01    .1393986104202242E-01    .1195988069739124E-01    .1025989759921067E-01    .8809912033707852E-02    .7559924493210900E-02    .6509934960148628E-02    .5559944439364219E-02    .4769952326290301E-02    .4099959016942573E-02    .3509964911342112E-02    .3019969807440548E-02    .2589974104887937E-02    .1889981102785891E-02    .1899981002335635E-02
    234.2323000000000        1.057579000000000        1.000009999985854        .8006336979965237        .2997970336955252E-01    .2571974492316059E-01    .2206978073719406E-01    .1894981145516271E-01    .1624983812466057E-01    .1393986102838385E-01    .1195988068876672E-01    .1025989759376535E-01    .8809912030254309E-02    .7559924490994590E-02    .6509934958776795E-02    .5559944438522473E-02    .4769952325750343E-02    .4099959016609681E-02    .3509964911128904E-02    .3019969807307951E-02    .2589974104800301E-02    .1889981102740373E-02    .1899981002299431E-02
    233.2323000000000        1.057579000000000        1.000009999998619        .8006335846948618        .2997970323797615E-01    .2571974483907806E-01    .2206978068447642E-01    .1894981142218422E-01    .1624983810447664E-01    .1393986101550290E-01    .1195988068060857E-01    .1025989758860098E-01    .8809912026965723E-02    .7559924488873877E-02    .6509934957450028E-02    .5559944437696220E-02    .4769952325210094E-02    .4099959016266170E-02    .3509964910900820E-02    .3019969807158244E-02    .2589974104695373E-02    .1889981102680696E-02    .1899981002248127E-02
    232.2323000000000        1.057579000000000        1.000009999996365        .8006334792141568        .2997970311479239E-01    .2571974476050672E-01    .2206978063532796E-01    .1894981139155097E-01    .1624983808582669E-01    .1393986100367884E-01    .1195988067318515E-01    .1025989758395505E-01    .8809912024050561E-02    .7559924487030540E-02    .6509934956326786E-02    .5559944437022031E-02    .4769952324787380E-02    .4099959016013796E-02    .3509964910745237E-02    .3019969807066794E-02    .2589974104637878E-02    .1889981102654166E-02    .1899981002229314E-02
    231.2323000000000        1.057579000000000        1.000009999985398        .8006333809977035        .2997970299931445E-01    .2571974468696704E-01    .2206978058941568E-01    .1894981136302346E-01    .1624983806853580E-01    .1393986099277833E-01    .1195988066639259E-01    .1025989757974512E-01    .8809912021442098E-02    .7559924485409943E-02    .6509934955361733E-02    .5559944436462281E-02    .4769952324450498E-02    .4099959015825726E-02    .3509964910639412E-02    .3019969807014198E-02    .2589974104611248E-02    .1889981102648759E-02    .1899981002230936E-02
    230.2323000000000        1.057579000000000        1.000009999988916        .8006332895171373        .2997970289039032E-01    .2571974461757190E-01    .2206978054605040E-01    .1894981133605278E-01    .1624983805216136E-01    .1393986098243695E-01    .1195988065992791E-01    .1025989757571726E-01    .8809912018926051E-02    .7559924483830568E-02    .6509934954400114E-02    .5559944435885789E-02    .4769952324087415E-02    .4099959015606036E-02    .3509964910501423E-02    .3019969806930112E-02    .2589974104555211E-02    .1889981102620547E-02    .1899981002208860E-02
    229.2323000000000        1.057579000000000        1.000009999975388        .8006332043174879        .2997970278852509E-01    .2571974455285187E-01    .2206978050575664E-01    .1894981131113045E-01    .1624983803715190E-01    .1393986097305435E-01    .1195988065414338E-01    .1025989757217960E-01    .8809912016770617E-02    .7559924482524905E-02    .6509934953643620E-02    .5559944435465768E-02    .4769952323847230E-02    .4099959015483233E-02    .3509964910441480E-02    .3019969806909496E-02    .2589974104551261E-02    .1889981102629054E-02    .1899981002222948E-02
    228.2323000000000        1.057579000000000        1.000009999999889        .8006331249196582        .2997970269168292E-01    .2571974449114669E-01    .2206978046717109E-01    .1894981128712231E-01    .1624983802255865E-01    .1393986096382960E-01    .1195988064835995E-01    .1025989756855463E-01    .8809912014483008E-02    .7559924481072059E-02    .6509934952731041E-02    .5559944434894507E-02    .4769952323466342E-02    .4099959015231015E-02    .3509964910265989E-02    .3019969806785882E-02    .2589974104456663E-02    .1889981102570164E-02    .1899981002168551E-02
    227.2323000000000        1.057579000000000        1.000009999990186        .8006330509630721        .2997970260163909E-01    .2571974443406583E-01    .2206978043173598E-01    .1894981126530339E-01    .1624983800949908E-01    .1393986095573459E-01    .1195988064341990E-01    .1025989756557019E-01    .8809912012691434E-02    .7559924480013195E-02    .6509934952129693E-02    .5559944434571960E-02    .4769952323288308E-02    .4099959015144979E-02    .3509964910228172E-02    .3019969806777253E-02    .2589974104458403E-02    .1889981102580368E-02    .1899981002182901E-02
    226.2323000000000        1.057579000000000        1.000009999999361        .8006329820308099        .2997970251647008E-01    .2571974438003423E-01    .2206978039815330E-01    .1894981124459078E-01    .1624983799706519E-01    .1393986094800174E-01    .1195988063867173E-01    .1025989756267173E-01    .8809912010922367E-02    .7559924478943715E-02    .6509934951492150E-02    .5559944434202039E-02    .4769952323059405E-02    .4099959015007240E-02    .3509964910141601E-02    .3019969806723275E-02    .2589974104418982E-02    .1889981102559362E-02    .1899981002165175E-02
    225.2323000000000        1.057579000000000        1.000009999992289        .8006329177942676        .2997970243690133E-01    .2571974432974795E-01    .2206978036707214E-01    .1894981122557307E-01    .1624983798578221E-01    .1393986094109284E-01    .1195988063451869E-01    .1025989756020956E-01    .8809912009479282E-02    .7559924478125747E-02    .6509934951045165E-02    .5559944433979067E-02    .4769952322946659E-02    .4099959014961571E-02    .3509964910129471E-02    .3019969806730013E-02    .2589974104429378E-02    .1889981102573563E-02    .1899981002182152E-02
    224.2323000000000        1.057579000000000        1.000009999999603        .8006328579040838        .2997970236172368E-01    .2571974428223602E-01    .2206978033770647E-01    .1894981120760330E-01    .1624983797511357E-01    .1393986093455765E-01    .1195988063058075E-01    .1025989755786148E-01    .8809912008087827E-02    .7559924477325405E-02    .6509934950588135E-02    .5559944433732241E-02    .4769952322803764E-02    .4099959014882359E-02    .3509964910084315E-02    .3019969806705046E-02    .2589974104410318E-02    .1889981102565144E-02    .1899981002175704E-02
    223.2323000000000        1.057579000000000        1.000009999986166        .8006328020809809        .2997970229170637E-01    .2571974423822289E-01    .2206978031072355E-01    .1894981119128168E-01    .1624983796559184E-01    .1393986092886299E-01    .1195988062726462E-01    .1025989755598023E-01    .8809912007053168E-02    .7559924476806095E-02    .6509934950348691E-02    .5559944433656492E-02    .4769952322798188E-02    .4099959014913684E-02    .3509964910129551E-02    .3019969806754601E-02    .2589974104452892E-02    .1889981102600596E-02    .1899981002212680E-02
    222.2323000000000        1.057579000000000        1.000009999998008        .8006327500093515        .2997970222522407E-01    .2571974419637141E-01    .2206978028501631E-01    .1894981117568181E-01    .1624983795643831E-01    .1393986092334944E-01    .1195988062400982E-01    .1025989755408816E-01    .8809912005967084E-02    .7559924476218772E-02    .6509934950026864E-02    .5559944433496018E-02    .4769952322710610E-02    .4099959014867103E-02    .3509964910103881E-02    .3019969806739907E-02    .2589974104438052E-02    .1889981102593056E-02    .1899981002205752E-02
    221.2323000000000        1.057579000000000        1.000009999981100        .8006327014658551        .2997970216364729E-01    .2571974415791456E-01    .2206978026168315E-01    .1894981116177106E-01    .1624983794849845E-01    .1393986091875115E-01    .1195988062145176E-01    .1025989755273374E-01    .8809912005302525E-02    .7559924475970665E-02    .6509934949973957E-02    .5559944433551287E-02    .4769952322798966E-02    .4099959014964399E-02    .3509964910197211E-02    .3019969806824369E-02    .2589974104505904E-02    .1889981102644774E-02    .1899981002257710E-02
    220.2323000000000        1.057579000000000        1.000009999998633        .8006326561608089        .2997970210487329E-01    .2571974412109807E-01    .2206978023925417E-01    .1894981114830820E-01    .1624983794072134E-01    .1393986091417421E-01    .1195988061882803E-01    .1025989755126564E-01    .8809912004501775E-02    .7559924475584304E-02    .6509934949779183E-02    .5559944433471706E-02    .4769952322762534E-02    .4099959014947084E-02    .3509964910188235E-02    .3019969806817550E-02    .2589974104493066E-02    .1889981102636519E-02    .1899981002248684E-02
    219.2323000000000        1.057579000000000        1.000009999999968        .8006326139047255        .2997970205020668E-01    .2571974408709125E-01    .2206978021876780E-01    .1894981113620626E-01    .1624983793390398E-01    .1393986091031003E-01    .1195988061673665E-01    .1025989755019975E-01    .8809912004009516E-02    .7559924475442433E-02    .6509934949772605E-02    .5559944433539492E-02    .4769952322843509E-02    .4099959015023349E-02    .3509964910255182E-02    .3019969806872778E-02    .2589974104530971E-02    .1889981102664206E-02    .1899981002275084E-02
    218.2323000000000        1.057579000000000        1.000009999999756        .8006325744767809        .2997970199902138E-01    .2571974405540208E-01    .2206978019983405E-01    .1894981112514942E-01    .1624983792778788E-01    .1393986090694396E-01    .1195988061499768E-01    .1025989754938417E-01    .8809912003696727E-02    .7559924475435406E-02    .6509934949860048E-02    .5559944433674403E-02    .4769952322973053E-02    .4099959015133970E-02    .3509964910347309E-02    .3019969806946343E-02    .2589974104582049E-02    .1889981102700407E-02    .1899981002309325E-02
    217.2323000000000        1.057579000000000        1.000009999997409        .8006325376820438        .2997970195116095E-01    .2571974402593896E-01    .2206978018240437E-01    .1894981111511417E-01    .1624983792236474E-01    .1393986090407547E-01    .1195988061361461E-01    .1025989754882421E-01    .8809912003569273E-02    .7559924475569199E-02    .6509934950046888E-02    .5559944433881189E-02    .4769952323155210E-02    .4099959015282343E-02    .3509964910467467E-02    .3019969807040635E-02    .2589974104648253E-02    .1889981102746531E-02    .1899981002352802E-02
    216.2323000000000        1.057579000000000        1.000009999999577        .8006325033340498        .2997970190626481E-01    .2571974399843265E-01    .2206978016627635E-01    .1894981110594376E-01    .1624983791751124E-01    .1393986090160510E-01    .1195988061250590E-01    .1025989754845208E-01    .8809912003570128E-02    .7559924475795831E-02    .6509934950291895E-02    .5559944434124739E-02    .4769952323359785E-02    .4099959015442397E-02    .3509964910593255E-02    .3019969807136294E-02    .2589974104712863E-02    .1889981102790360E-02    .1899981002393207E-02
    215.2323000000000        1.057579000000000        1.000009999999874        .8006324712688939        .2997970186437325E-01    .2571974397295575E-01    .2206978015153962E-01    .1894981109773145E-01    .1624983791331790E-01    .1393986089961670E-01    .1195988061174705E-01    .1025989754833460E-01    .8809912003757801E-02    .7559924476166419E-02    .6509934950639125E-02    .5559944434442741E-02    .4769952323619009E-02    .4099959015641681E-02    .3509964910748161E-02    .3019969807253432E-02    .2589974104792998E-02    .1889981102844358E-02    .1899981002443045E-02
    214.2323000000000        1.057579000000000        1.000009999992468        .8006324413342675        .2997970182552425E-01    .2571974394957651E-01    .2206978013827805E-01    .1894981109056460E-01    .1624983790986970E-01    .1393986089818879E-01    .1195988061140879E-01    .1025989754853428E-01    .8809912004186935E-02    .7559924476728659E-02    .6509934951129608E-02    .5559944434870245E-02    .4769952323962793E-02    .4099959015905717E-02    .3509964910953906E-02    .3019969807410614E-02    .2589974104904427E-02    .1889981102920001E-02    .1899981002513818E-02
    213.2323000000000        1.057579000000000        1.000009999998510        .8006324133684802        .2997970178895896E-01    .2571974392767725E-01    .2206978012598588E-01    .1894981108402330E-01    .1624983790681581E-01    .1393986089702599E-01    .1195988061124079E-01    .1025989754883808E-01    .8809912004675482E-02    .7559924477327162E-02    .6509934951629353E-02    .5559944435292749E-02    .4769952324292700E-02    .4099959016149650E-02    .3509964911137695E-02    .3019969807545064E-02    .2589974104993135E-02    .1889981102977834E-02    .1899981002565823E-02
    212.2323000000000        1.057579000000000        1.000009999999844        .8006323872498106        .2997970175510456E-01    .2571974390765659E-01    .2206978011502823E-01    .1894981107843507E-01    .1624983790444628E-01    .1393986089638239E-01    .1195988061146412E-01    .1025989754943728E-01    .8809912005388495E-02    .7559924478104313E-02    .6509934952260765E-02    .5559944435814711E-02    .4769952324698101E-02    .4099959016450028E-02    .3509964911364885E-02    .3019969807712849E-02    .2589974105107011E-02    .1889981103052758E-02    .1899981002634102E-02
    211.2323000000000        1.057579000000000        1.000009999999172        .8006323628502969        .2997970172377345E-01    .2571974388938384E-01    .2206978010531516E-01    .1894981107373590E-01    .1624983790271485E-01    .1393986089622354E-01    .1195988061205210E-01    .1025989755031051E-01    .8809912006308358E-02    .7559924479045776E-02    .6509934953011164E-02    .5559944436425149E-02    .4769952325169284E-02    .4099959016798179E-02    .3509964911627847E-02    .3019969807907215E-02    .2589974105240039E-02    .1889981103140330E-02    .1899981002714138E-02
    210.2323000000000        1.057579000000000        1.000009999992801        .8006323400557295        .2997970169497832E-01    .2571974387289872E-01    .2206978009690196E-01    .1894981106998605E-01    .1624983790168153E-01    .1393986089660598E-01    .1195988061305607E-01    .1025989755150325E-01    .8809912007474795E-02    .7559924480186398E-02    .6509934953910148E-02    .5559944437149154E-02    .4769952325727436E-02    .4099959017211943E-02    .3509964911941625E-02    .3019969808140894E-02    .2589974105402887E-02    .1889981103248277E-02    .1899981002813641E-02
    209.2323000000000        1.057579000000000        1.000009999998883        .8006323187433124        .2997970166809138E-01    .2571974385768956E-01    .2206978008936954E-01    .1894981106683763E-01    .1624983790105585E-01    .1393986089728529E-01    .1195988061426886E-01    .1025989755283902E-01    .8809912008736782E-02    .7559924481397266E-02    .6509934954846164E-02    .5559944437891170E-02    .4769952326290151E-02    .4099959017620058E-02    .3509964912244931E-02    .3019969808360899E-02    .2589974105549823E-02    .1889981103343158E-02    .1899981002898925E-02
    208.2323000000000        1.057579000000000        1.000009999976979        .8006322988428515        .2997970164424014E-01    .2571974384475060E-01    .2206978008359116E-01    .1894981106505271E-01    .1624983790149944E-01    .1393986089883409E-01    .1195988061618454E-01    .1025989755474304E-01    .8809912010460032E-02    .7559924482992982E-02    .6509934956089563E-02    .5559944438881820E-02    .4769952327054854E-02    .4099959018191749E-02    .3509964912682349E-02    .3019969808691362E-02    .2589974105786993E-02    .1889981103502356E-02    .1899981003047710E-02
    207.2323000000000        1.057579000000000        1.000009999999920        .8006322802041164        .2997970162118077E-01    .2571974383218052E-01    .2206978007795352E-01    .1894981106325682E-01    .1624983790184067E-01    .1393986090025180E-01    .1195988061794690E-01    .1025989755648177E-01    .8809912012014986E-02    .7559924484433968E-02    .6509934957174883E-02    .5559944439723142E-02    .4769952327679552E-02    .4099959018632486E-02    .3509964913001365E-02    .3019969808914695E-02    .2589974105927416E-02    .1889981103589336E-02    .1899981003122650E-02
    206.2323000000000        1.057579000000000        1.000009999999243        .8006322627921473        .2997970160089281E-01    .2571974382170308E-01    .2206978007395512E-01    .1894981106274861E-01    .1624983790320129E-01    .1393986090250584E-01    .1195988062038877E-01    .1025989755877103E-01    .8809912014016858E-02    .7559924486248988E-02    .6509934958556743E-02    .5559944440803054E-02    .4769952328496501E-02    .4099959019227285E-02    .3509964913445619E-02    .3019969809240190E-02    .2589974106150194E-02    .1889981103734702E-02    .1899981003254949E-02
    205.2323000000000        1.057579000000000        1.000009999985810        .8006322465171949        .2997970158299803E-01    .2571974381301683E-01    .2206978007135530E-01    .1894981106333240E-01    .1624983790542083E-01    .1393986090546335E-01    .1195988062339862E-01    .1025989756151622E-01    .8809912016384744E-02    .7559924488369379E-02    .6509934960175062E-02    .5559944442069750E-02    .4769952329460578E-02    .4099959019936674E-02    .3509964913980882E-02    .3019969809638003E-02    .2589974106429276E-02    .1889981103919339E-02    .1899981003425280E-02
    204.2323000000000        1.057579000000000        1.000009999998250        .8006322312734199        .2997970156629603E-01    .2571974380511393E-01    .2206978006930679E-01    .1894981106429133E-01    .1624983790789178E-01    .1393986090860798E-01    .1195988062653585E-01    .1025989756434036E-01    .8809912018795192E-02    .7559924490518351E-02    .6509934961790401E-02    .5559944443318159E-02    .4769952330395081E-02    .4099959020607996E-02    .3509964914475971E-02    .3019969809994824E-02    .2589974106666967E-02    .1889981104071837E-02    .1899981003561733E-02
    203.2323000000000        1.057579000000000        1.000009999997934        .8006322170201872        .2997970155189977E-01    .2571974379897195E-01    .2206978006866658E-01    .1894981106637263E-01    .1624983791126277E-01    .1393986091250139E-01    .1195988063028512E-01    .1025989756766042E-01    .8809912021606650E-02    .7559924493004405E-02    .6509934963667319E-02    .5559944444773673E-02    .4769952331492569E-02    .4099959021405948E-02    .3509964915071356E-02    .3019969810431037E-02    .2589974106965947E-02    .1889981104266995E-02    .1899981003739366E-02
    202.2323000000000        1.057579000000000        1.000009999999802        .8006322036801955        .2997970153933067E-01    .2571974379420170E-01    .2206978006911832E-01    .1894981106931562E-01    .1624983791531788E-01    .1393986091696356E-01    .1195988063449460E-01    .1025989757134727E-01    .8809912024708492E-02    .7559924495733515E-02    .6509934965723559E-02    .5559944446365366E-02    .4769952332691257E-02    .4099959022276493E-02    .3509964915720168E-02    .3019969810905775E-02    .2589974107290523E-02    .1889981104478626E-02    .1899981003931695E-02
